2000 2000 2000
1956 1260
1950 1259
1931 1255
1961 1285
1978 1272
1986 1248
1905 1268
1990 1262
1967 1252
1997 1254
1929 1246
1984 1251
1936 1246
1936 1244
1926 1242
1915 1279
1983 1284
1 1256
1938 1282
1986 1276
1974 1274
1994 1277
2 1260
1950 1271
2 1246
1975 1251
1917 1257
1977 1256
491 1702
1912 1267
1966 1269
1974 1263
1957 1245
1927 1239
1903 1278
1979 1268
1903 1246
1909 1266
1910 1260
1911 1266
1382 1936
1920 1252
1927 1265
1972 1254
1444 1974
1931 1248
1904 1238
1905 1247
1935 1284
1988 1240
1998 1260
1968 1283
1917 1277
1921 1262
1907 1239
1919 1270
1575 1544
1930 1283
1979 1275
1931 1241
1942 1251
1949 1246
1906 1245
1915 1267
1905 1281
1954 1268
1917 1285
1982 1251
1926 1280
1938 1256
1949 1275
1052 359
1991 1269
1919 1260
1946 1252
1910 1254
1980 1256
1980 1265
1928 1249
1981 1278
1987 1279
1973 1237
1946 1285
1977 1252
1915 1249
1987 1264
1994 1252
1917 1246
1977 1262
1933 1274
1984 1265
1931 1285
1952 1261
1948 1255
1977 1270
1911 1245
1907 1275
1987 1266
1904 1276
1937 1255
1947 1244
1975 1274
959 1235
1925 1242
1999 1276
1997 1251
1962 1250
1966 1277
1944 1239
179 1220
1948 1256
1990 1238
1963 1247
1914 1273
1929 1245
1998 1244
1959 1270
1925 1251
527 1462
1993 1249
1963 1282
1907 1269
1914 1283
1933 1271
1930 1251
1987 1259
1975 1258
1953 1264
1964 1239
1935 1240
1989 1254
1931 1277
1950 1252
1992 1264
1921 1265
1987 1270
1950 1249
1936 1261
1920 1241
856 1484
1810 106
1093 1347
785 728
1926 1278
1999 1275
1953 1252
1950 1239
1979 1279
1992 1240
1972 1281
1947 1265
1905 1246
1392 417
1970 1279
1962 1251
1986 1273
1918 1239
1912 1263
1993 1244
1991 1246
1 1283
1942 1274
1994 1284
1956 1270
1952 1249
1974 1244
1921 1250
338 394
1975 1277
1926 1238
1932 1265
1906 1263
1963 1241
1957 1257
1950 1275
1947 1241
1956 1245
1991 1275
1958 1260
2000 1272
1973 1281
1910 1240
1919 1281
1963 1242
1631 1354
1907 1267
1926 1263
1996 1247
1981 1284
1991 1280
1953 1243
1978 1274
1907 1251
1912 1251
1968 1280
1915 1281
1984 1264
1952 1262
1970 1260
1998 1264
1974 1278
1960 1247
1960 1281
1912 1280
1922 1243
1944 1249
1983 1269
1993 1278
1962 1280
1997 1273
1939 1241
1980 1279
1916 1248
1987 1245
1979 1259
1932 1257
1944 1260
1926 1267
1953 1239
1959 1267
1916 1265
1993 1238
1953 1241
1947 1247
2000 1283
1908 1278
1946 1273
1953 1280
1905 1266
1994 1240
1996 1270
1947 1284
1991 1237
1904 1262
1828 436
1959 1271
1980 1253
1922 1246
1998 1279
666 1856
1993 1254
1990 1269
1905 1261
1919 1248
1905 1282
1975 1261
1908 1282
1971 1259
1995 1284
1993 1242
784 1943
1922 1277
1988 1250
1961 1251
1913 1273
1983 1285
1957 1268
1948 1252
1985 1266
691 975
1974 1272
1948 1240
1999 1268
1929 1265
1987 1272
1911 1242
1937 1282
1996 1276
1930 1281
1981 1240
1980 1261
1693 1469
1985 1248
1945 1272
1989 1268
1975 1257
1948 1251
1959 1268
1943 1277
1226 1447
1937 1242
1942 1250
1995 1238
1926 1248
1099 621
1980 1266
1919 1243
1921 1263
1989 1244
1910 1256
1907 1285
1985 1269
1946 1280
1950 1243
1910 1250
1923 1236
1999 1279
1992 1259
1968 1242
1975 1276
1932 1249
1906 1251
1452 567
1957 1267
1905 1265
1990 1283
1963 1276
1906 1279
1993 1275
1987 1278
1984 1263
1567 659
1909 1241
1996 1245
1979 1244
1974 1260
1971 1273
1918 1255
1970 1258
1948 1270
1903 1274
1988 1277
1951 1272
1919 1249
1977 1245
1933 1252
1909 1246
1919 1265
1989 1281
1996 1266
1971 1251
1985 1251
1950 1281
1991 1252
1942 1262
1909 1285
1941 1284
1991 1256
1921 1276
1946 1261
1951 1251
1914 1241
1917 1271
1946 1249
1912 1269
343 1305
1931 1245
1957 1264
1982 1270
1961 1250
1937 1240
1332 442
1923 1250
1919 1252
1948 1243
1977 1279
1926 1276
1961 1246
1986 1267
1170 763
1947 1282
1739 1167
1996 1242
1948 1283
1963 1254
1939 1251
1914 1244
1979 1283
1912 1253
1920 1279
1949 1241
1861 613
1992 1261
1919 1285
1981 1272
1910 1270
1936 1260
1890 216
1921 1255
1921 1270
1088 1778
1972 1274
1974 1261
1992 1242
1961 1270
1957 1241
1976 1275
1955 1283
1920 1262
1989 1255
1958 1261
1905 1252
1932 1236
1992 1278
1921 1243
1936 1267
1957 1277
1961 1276
1991 1285
1947 1285
1979 1257
1970 1259
1905 1245
1958 1278
1964 1249
1969 1244
1998 1241
1932 1242
1960 1265
1923 1282
1912 1265
1927 1267
1937 1281
1571 1482
1940 1260
1986 1245
1981 1264
1957 1271
1959 1255
1924 1245
1981 1258
1995 1251
1970 1245
1966 1245
1953 1249
1948 1249
1953 1245
1936 1266
1952 1267
1973 1246
1683 4
1935 1262
1886 1637
1957 1244
477 1170
1925 1255
1958 1280
1952 1266
1916 1272
1935 1238
1910 1264
1964 1272
1914 1284
1906 1281
1911 1249
1953 1271
1982 1271
631 1175
1921 1283
1985 1256
1937 1271
1969 1273
1914 1239
1955 1268
2 1280
1905 1284
1981 1279
1953 1236
1916 1282
1962 1242
1972 1260
1910 1253
1906 1260
1990 1237
1998 1283
1934 1244
1995 1240
1977 1244
1983 1259
1984 1276
1981 1269
1908 1259
1944 1252
1884 1981
1977 1247
1937 1245
1916 1273
2000 1269
1939 1283
1947 1237
1923 1279
1999 1278
1964 1261
1987 1273
1293 295
1986 1238
1973 1277
1944 1271
1937 1262
1942 1247
1912 1261
1935 1256
1966 1240
1919 1261
1970 1250
1930 1244
1970 1247
1956 1244
1980 1262
1924 1257
1947 1283
1953 1244
1984 1268
1221 1162
1905 1278
1995 1267
1945 1245
1969 1257
1942 1240
1967 1249
1905 1242
1968 1252
1964 1240
1913 1253
1936 1254
1959 1245
1926 1243
1995 1254
1920 1237
1928 1254
1913 1280
1961 1258
1914 1238
1924 1261
1927 1246
1996 1249
1918 1285
1977 1266
1941 1244
1999 1269
1954 1240
1275 1944
1949 1256
1978 1285
1905 1238
1935 1275
1955 1265
1936 1242
55 683
1958 1249
1984 1247
1908 1277
1932 1283
1922 1244
1979 1280
1929 1239
1983 1255
1985 1272
1930 1261
1911 1253
1912 1273
1961 1278
1968 1274
1987 1267
1966 1276
1904 1260
1962 1253
1914 1278
1984 1240
1905 1285
1918 1253
531 276
1952 1237
1953 1281
1988 1242
1935 1271
1917 1249
1961 1275
1925 1264
1964 1245
1966 1263
1979 1256
1957 1250
1979 1239
1923 1248
1927 1245
1084 843
1920 1256
1970 1262
1991 1277
1990 1277
1993 1252
1418 81
1982 1285
1984 1260
1996 1269
1964 1238
108 105
1989 1237
1991 1281
1988 1265
1991 1253
1923 1249
1965 1243
1986 1274
1995 1283
1927 1262
1976 1237
1962 1247
1991 1238
1920 1254
1906 1239
1935 1254
1960 1238
1912 1237
1911 1278
1937 1236
694 450
1992 1280
1916 1264
1972 1253
1945 1278
1 1243
1953 1257
1996 1251
1940 1249
1918 1283
1922 1265
1930 1254
1907 1271
1912 1260
1907 1279
1937 1278
1952 1271
1941 1251
1918 1259
1985 1246
1916 1238
1921 1264
1960 1237
1 1281
1988 1254
2000 1263
1935 1239
1978 1246
1987 1281
1946 1240
1928 1269
1925 1236
1991 1258
1932 1259
1993 1283
2 1263
1998 1259
1544 803
1995 1270
1939 1277
1984 1250
1979 1241
1903 1248
1910 1280
1907 1265
1965 1273
1988 1264
1939 1240
456 784
1929 1274
1909 1267
1980 1239
1940 1254
25 1164
1954 1266
856 1839
1974 1280
1981 1265
1973 1280
1974 1254
1999 1273
1913 1260
1927 1271
1949 1252
1926 1247
1979 1236
1924 1242
1907 1270
1997 1253
1979 1258
1970 1274
1983 1266
1979 1238
1366 1415
1919 1250
1983 1239
1938 1253
833 600
1960 1279
1993 1264
1973 1260
2000 1244
1990 1255
1998 1277
624 147
1965 1282
1924 1264
1 1257
1934 1263
1941 1245
1924 1240
1933 1243
1908 1263
1973 1265
1914 1256
1952 1273
1903 1272
1924 1285
1956 1252
1974 1250
1937 1251
1970 1249
1966 1285
1993 1240
1951 1276
1959 1284
1983 1271
1943 1279
1921 1285
1906 1244
1979 1285
1936 1251
1981 1266
1976 1269
1965 1263
1943 1244
1933 1250
1923 1258
1940 1272
1945 1257
1907 1252
1970 1257
1904 1249
1940 1274
1927 1259
1940 1257
1914 1257
1957 1265
1979 1245
1993 1281
1951 1248
1912 1271
1967 1247
1984 1245
1942 1279
1923 1271
1919 1246
1952 1242
1955 1275
1998 1269
1972 1264
1518 704
1928 1246
1965 1275
1908 1252
1977 1276
1910 1246
1922 1262
1982 1236
1937 1256
533 1527
1980 1238
1912 1249
1976 1277
1965 1249
1991 1247
1971 1255
1990 1271
1921 1244
1920 1257
1980 1248
1934 1258
1985 1275
877 1751
1966 1264
1935 1236
1921 1238
1974 1262
1951 1279
1922 1242
1936 1241
1933 1242
1951 1265
1916 1252
1996 1282
1999 1281
1961 1281
1905 1253
1951 1249
1957 1260
1990 1259
1973 1261
1980 1267
1917 1261
1923 1239
1960 1282
1987 1241
1994 1245
1657 1568
1946 1263
1960 1245
1973 1268
1978 1264
439 775
1940 1256
1964 1265
1997 1276
1958 1240
1999 1274
1963 1269
1910 1282
1975 1250
1938 1237
1971 1276
1955 1236
1917 1268
1920 1281
1995 1269
1975 1237
1949 1282
1962 1273
1938 1270
1921 1249
1985 1255
1943 1268
1992 1272
1926 1260
1918 1284
1992 1244
1285 1127
1988 1263
1956 1262
1968 1244
1962 1282
1979 1267
1964 1268
1931 1258
1952 1257
1944 1284
1964 1250
1956 1277
1987 1246
1984 1282
566 1552
1985 1244
1986 1263
1663 1172
1919 1274
1988 1267
1911 1262
1927 1280
1913 1277
1952 1253
1910 1257
1930 1253
1974 1251
1940 1252
1968 1265
1969 1278
1959 1240
1968 1236
2 1250
1922 1237
1926 1251
1903 1259
1911 1272
1913 1269
2 1241
1979 1271
1403 642
1903 1262
1968 1237
1918 1250
1668 646
488 953
1957 1279
1956 1274
1936 1258
1912 1275
1943 1237
1996 1262
1977 1248
2000 1242
1960 1242
1985 1284
1975 1284
1913 1261
1407 696
1959 1239
1605 142
1976 1244
1945 1269
1999 1241
1980 1249
1989 1243
1926 1244
1942 1280
1951 1257
1994 1239
1918 1269
1906 1278
1970 1284
1905 1274
1968 1263
1972 1255
1909 1247
1943 1259
1988 1257
1903 1270
1941 1281
1935 1266
1935 1269
1995 1252
1 1268
1921 1272
1980 1255
1967 1243
1923 1267
1998 1247
1949 1243
1993 1255
1917 1278
1 1279
1928 1283
1989 1283
1960 1250
1938 1268
1948 1265
1935 1252
1904 1264
1998 1267
1918 1268
1977 1246
1971 1243
1964 1253
1913 1258
1922 1248
1938 1283
1935 1270
1939 1279
1939 1237
1994 1285
1937 1275
1938 1280
1920 1260
1964 1270
1960 1239
1989 1242
1996 1236
1916 1249
1965 1247
1984 1237
1933 1266
1997 1252
1978 1237
1921 1280
1939 1245
1939 1255
1911 1271
1944 1250
1935 1242
1954 1250
1940 1239
1954 1271
1980 1270
1907 1243
1936 1237
69 1049
1920 1268
2 1268
1940 1278
1954 1274
1908 1243
1963 1279
1944 1245
1962 1283
1930 1236
1416 1071
1991 1278
1904 1267
1921 1242
1950 1262
1 1239
1980 1273
1997 1241
1984 1269
1972 1262
1916 1255
1990 1274
1942 1270
1940 1261
1967 1280
1975 1239
1850 1712
1961 1261
1922 1253
1947 1239
1932 1254
2000 1280
1963 1236
1982 1266
1948 1263
1943 1253
1992 1269
1990 1278
1966 1275
1980 1240
1924 1263
2 1258
1940 1240
2 1238
601 1632
1893 520
1994 1270
1938 1236
1967 1253
1995 1242
1984 1284
1982 1267
1990 1241
1972 1244
1926 1265
1944 1242
1980 1242
1965 1281
2000 1249
556 661
1922 1283
1955 1280
1971 1248
1958 1257
1907 1260
1924 1265
1985 1240
1915 1239
1926 1249
1988 1262
1975 1240
1947 1254
1838 1324
1910 1268
1928 1272
1916 1240
1940 1267
1918 1237
1961 1269
1939 1272
1992 1283
1965 1258
1936 1277
1943 1248
1916 1280
1887 1922
1916 1259
1916 1278
1979 1264
1923 1273
1937 1273
1921 1252
1436 1703
1989 1282
1935 1261
2 1285
1949 1255
1951 1258
1959 1283
1937 1244
1924 1259
1924 1277
1917 1262
1968 1259
1962 1256
1937 1260
1907 1277
1978 1268
1944 1283
1033 582
1975 1273
1919 1254
1992 1254
1914 1245
1906 1255
1922 1266
1938 1273
1977 1250
1912 1255
1982 1247
1956 1242
1993 1245
1998 1254
1914 1254
1947 1246
1933 1247
1939 1250
1952 1283
1984 1257
1923 1255
1 1275
1941 1250
1931 1265
1983 1246
1969 1238
1941 1252
1913 1282
1936 1252
1997 1245
1973 1259
1929 1254
1974 1281
1927 1277
1922 1252
1942 1266
1976 1280
1921 1247
1944 1254
1908 1280
1977 1265
1985 1247
1992 1257
1943 1285
973 1559
1945 1259
1904 1243
1966 1279
1919 1263
1955 1276
1685 1117
1949 1283
1948 1272
1947 1271
1950 1242
1962 1238
1938 1259
337 794
1939 1252
1927 1252
1976 1257
800 581
1935 1244
1931 1252
1918 1276
1966 1250
1927 1251
1918 1278
1982 1280
1903 1258
1916 1275
1996 1260
1988 1285
1950 1285
1934 1257
1954 1259
1912 1239
1974 1279
1969 1236
1922 1275
1911 1258
1931 1272
1925 1259
1976 1243
1906 1237
2000 1261
1912 1259
1932 1245
1983 1238
1954 1285
1927 1268
1961 1255
1983 1260
1944 1285
1973 1262
1834 42
1950 1278
1986 1264
1955 1248
1924 1280
1964 1259
1997 1261
1985 1267
1903 1275
1922 1258
1983 1279
1917 1259
1986 1246
1928 1239
1903 1238
1933 1254
1911 1239
1934 1241
1908 1256
1898 560
1923 1237
1960 1277
1952 1250
1965 1265
1999 1283
1948 1264
1913 1265
2 1265
1983 1281
1941 1249
1943 1251
1990 1242
1915 1271
1919 1267
1965 1251
837 1566
1923 1256
564 924
1944 1251
1928 1252
1934 1275
1982 1265
1934 1252
1952 1263
1990 1272
1963 1244
1976 1260
1966 1243
1919 1278
1941 1279
1995 1277
1930 1249
1 1236
1789 1436
1903 1257
1925 1268
1433 523
1967 1270
465 1628
1944 1259
1979 1278
1920 1251
1935 1249
1905 1240
1911 1270
1987 1237
1916 1267
1106 207
1993 1263
1926 1285
1914 1248
1939 1258
1938 1251
1998 1265
1942 1244
1986 1265
1921 1261
1915 1251
1990 1280
1980 1260
1941 1267
1966 1283
1906 1253
1970 1268
1979 1284
1994 1244
1908 1249
1973 1241
1962 1263
1926 1279
1903 1240
1987 1254
1969 1249
1976 1245
1944 1246
1998 1252
1926 1239
1946 1247
1952 1260
1913 1271
1937 1263
1952 1279
1980 1285
1959 1254
1974 1264
1998 1274
1909 1237
1995 1243
1935 1276
1920 1258
1908 1275
1939 1243
1983 1258
1998 1249
1950 1251
1999 1266
1951 1246
1998 1240
1979 1252
1950 1280
1905 1272
1998 1253
1979 1265
1992 1260
1982 1254
1931 1261
1966 1259
1941 1238
1178 838
1911 1281
1980 1264
1991 1236
1991 1276
1922 1257
1903 1284
1905 1256
1943 1276
381 469
1912 1270
1926 1255
1928 1247
1921 1256
1610 1383
1997 1240
1960 1259
2 1252
1968 1241
1914 1258
1916 1263
1948 1275
1937 1280
1974 1236
1920 1240
1984 1261
1983 1263
1996 1274
1924 1274
1958 1272
1960 1285
1995 1259
1962 1236
1930 1263
1927 1238
1992 1237
1906 1258
1906 1247
1920 1272
1946 1278
1942 1241
1942 1239
1989 1267
1991 1243
1979 1246
1984 1252
1904 1270
1965 1259
1962 1264
1975 1265
1953 1260
1990 1246
1973 1274
1925 1241
1934 1280
1644 478
1908 1283
1431 1039
1945 1264
1903 1253
1949 1236
1990 1276
1988 1273
1953 1285
1916 1242
1999 1254
1953 1255
1967 1283
1972 1263
1914 1260
1982 1261
1948 1248
1950 1269
1953 1246
1999 1252
1951 1241
1959 1273
1964 1281
1903 1239
1982 1268
1990 1244
1918 1264
1967 1239
1992 1249
1919 1275
1964 1256
608 1208
1908 1266
1957 1255
1982 1276
1973 1244
1935 1280
1937 1246
602 391
1994 1271
1991 1273
1903 1266
1969 1251
971 1965
1930 1280
1912 1278
1906 1271
1925 1281
1970 1238
1969 1237
254 484
1970 1236
291 985
1965 1237
1911 1251
1948 1254
1966 1274
806 809
1928 1267
1989 1277
1916 1260
1972 1249
1974 1277
1928 1278
1934 1245
1982 1279
1954 1243
1 1241
1925 1243
1929 1276
1938 1275
1979 1273
1966 1242
1979 1266
1961 1237
1920 1276
1935 1246
1952 1270
1979 1251
1919 1259
2 1261
1080 1073
1981 1259
1992 1246
1907 1257
1 1284
1962 1265
1954 1238
1971 1283
1904 1245
1947 1270
1971 1254
1995 1271
1931 1253
1999 1262
1975 1260
1927 1270
1964 1285
1950 1246
524 1197
1937 1257
1940 1282
1978 1266
1946 1258
1975 1252
1971 1277
326 1651
1976 1278
1917 1241
1967 1254
1982 1244
1969 1271
1938 1238
1917 1275
1924 1252
1991 1260
1981 1247
1961 1242
1911 1264
1903 1280
1954 1281
1996 1244
1999 1250
1927 1242
1938 1240
1946 1284
1 1245
1943 1280
1962 1244
1970 1264
1 1259
1988 1241
1919 1272
1916 1244
1941 1270
609 1415
1994 1263
1951 1285
1972 1261
1903 1252
1997 1255
1949 1273
1590 862
1980 1275
1944 1279
1929 1260
1974 1284
1939 1285
1927 1284
1922 1240
512 1218
1999 1256
1943 1284
1996 1246
1992 1258
1993 1257
1920 1243
1931 1266
753 1836
1938 1285
1908 1238
1988 1283
1989 1250
2000 1238
196 1628
1977 1236
1952 1276
1943 1257
1941 1260
1996 1241
1978 1252
1951 1263
1926 1271
1911 1244
1917 1248
1918 1243
1943 1250
1997 1243
1932 1279
1993 1241
1904 1275
1930 1271
1500 504
1915 1275
1905 1283
1916 1262
1947 1257
1955 1245
1946 1255
1954 1279
1918 1275
1995 1282
612 130
1157 893
1981 1283
1303 1201
1936 1250
1967 1278
1977 1278
1914 1242
1917 1245
1903 1261
989 1150
1960 1244
1970 1237
1928 1262
1927 1256
1981 1238
1953 1268
1950 1238
1986 1278
1934 1269
1910 1279
1992 1239
1951 1261
1953 1265
1922 1285
1984 1241
1925 1269
1940 1281
1973 1269
944 1333
1921 1253
2 1248
1981 1276
1992 1256
1998 1236
1956 1283
1934 1265
1950 1244
203 1937
1945 1239
1971 1272
1984 1248
1982 1262
1924 1241
687 402
1966 1246
1935 1255
1943 1266
1988 1237
1990 1243
1926 1236
1995 1261
1930 1243
1939 1246
1949 1276
1989 1261
1939 1249
1962 1268
316 1182
1945 1276
554 1339
1927 1283
1954 1280
1959 1238
1547 276
1983 1257
1984 1285
1999 1257
1992 1251
1945 1240
1930 1266
1909 1280
1968 1281
1913 1242
1955 1249
1940 1262
1932 1260
1954 1273
1 1260
1972 1265
1969 1240
1955 1237
1992 1266
1948 1245
1962 1267
1963 1263
1906 1246
1431 1570
1968 1253
1933 1245
1961 1244
1952 1281
1981 1248
2 1262
1949 1254
1318 1791
1918 1273
1999 1259
1982 1264
1929 1272
1924 1254
1993 1284
1200 1438
1 1250
1915 1276
1929 1241
1911 1260
1978 1270
1999 1248
1956 1265
1905 1277
1974 1270
1939 1253
1997 1271
1933 1258
1964 1244
1912 1257
1949 1267
1958 1252
1966 1251
1984 1254
1938 1265
1999 1243
1985 1282
1921 1246
1927 1247
1922 1263
1988 1247
1978 1254
1953 1276
1929 1266
1984 1267
1 1252
1906 1269
2 1251
1997 1275
1956 1239
1921 1268
1213 1551
1950 1276
1950 1247
1924 1269
1924 1284
1968 1282
1944 1247
1925 1248
1977 1284
1942 1272
1978 1247
1 1263
1963 1259
1955 1257
1999 1267
1940 1276
2000 1267
1971 1250
1934 1267
1936 1273
1971 1265
1984 1278
1929 1263
1925 1272
1961 1249
1961 1245
1969 1256
1985 1271
1931 1236
1944 1273
2000 1241
1967 1258
1918 1246
1947 1264
1978 1279
1619 1924
1949 1249
1953 1238
1954 1247
1972 1278
1908 1255
1981 1270
1988 1274
1996 1263
1914 1282
1965 1274
833 1369
1954 1265
1991 1270
1941 1273
1971 1263
419 43
1939 1259
1980 1245
1945 1247
1976 1285
1998 1268
1954 1242
1960 1257
1979 1282
1688 504
1965 1266
1906 1249
1949 1244
1994 1281
1911 1283
1957 1266
2000 1282
1906 1236
1914 1262
1982 1257
1977 1261
1927 1257
1965 1242
1959 1274
1951 1259
1971 1278
1959 1278
1904 1269
1994 1246
2000 1260
1935 1281
1936 1274
1929 1271
1971 1275
1984 1249
1974 1255
1968 1255
1966 1267
1994 1255
1994 1243
1994 1264
1917 1270
1974 1252
1913 1266
1927 1273
1928 1263
1911 1257
1908 1273
1946 1244
1909 1248
1581 1560
1191 800
1974 1238
1914 1240
1932 1272
1955 1238
1927 1279
1905 1267
1927 1258
1908 1240
1946 1236
1988 1253
1984 1275
1914 1236
1983 1265
1965 1261
1914 1281
1911 1279
1955 1278
686 1459
1939 1268
1924 1272
1975 1264
1950 1268
1965 1285
1929 1256
1932 1263
1975 1256
1909 1264
1918 1274
1985 1236
1924 1258
1996 1265
1960 1256
1990 1248
1935 1279
1914 1277
1904 1256
1988 1279
1947 1258
1997 1258
1975 1259
1918 1262
1981 1273
1998 1242
1917 1269
1960 1253
1984 1259
1888 1782
1960 1270
1973 1283
1914 1250
1911 1267
1945 1284
1924 1253
1935 1265
1936 1256
1985 1280
1969 1247
1914 1252
1987 1277
1975 1248
1947 1236
1973 1245
1906 1265
2 1271
1983 1272
1996 1271
1942 1238
1978 1260
1941 1271
1980 1244
1967 1236
122 1557
1982 1263
1981 1244
1909 1259
1942 1237
1929 1237
1943 1262
1937 1279
1934 1246
1952 1284
1929 1253
1910 1272
1954 1239
1941 1263
1953 1242
1949 1261
1996 1277
1905 1249
1905 1250
1986 1242
1930 1240
1951 1254
1907 1263
1977 1271
304 1980
1921 1241
1950 1266
1954 1254
1938 1257
1975 1254
1922 1272
1903 1281
1951 1252
1956 1275
1974 1275
1909 1271
1981 1245
1904 1236
1907 1241
1926 1272
1932 1238
1951 1255
1963 1257
1919 1257
1942 1264
1928 1265
1914 1274
1958 1274
1970 1251
1948 1257
1923 1276
1952 1252
1938 1248
1734 843
1936 1275
1971 1256
1958 1265
1988 1278
1922 1259
1999 1272
1948 1236
1904 1248
175 1842
1968 1247
1945 1248
1957 1278
1918 1240
1936 1272
1947 1238
1950 1256
571 50
1919 1284
1998 1276
1970 1275
1 1273
1983 1280
1959 1266
1950 1261
1937 1267
1098 1038
1994 1268
1973 1275
1964 1247
1929 1284
1972 1269
1925 1237
1988 1284
1915 1283
1905 1273
1955 1259
1928 1270
1992 1274
1945 1255
1986 1254
1966 1236
1038 1495
1921 1266
1835 1542
1008 1824
1983 1241
1969 1245
1992 1277
1943 1265
1928 1243
1957 1263
1953 1247
1930 1260
1929 1244
1944 1244
1937 1285
1912 1240
1972 1250
1948 1262
1992 1273
166 1039
1928 1268
1968 1278
1952 1268
1959 1253
1946 1237
1930 1246
1931 1240
1935 1283
2 1269
1961 1241
1963 1250
1994 1257
1915 1246
1945 1268
1954 1244
1923 1284
1986 1236
1973 1240
151 768
1906 1268
1943 1274
1908 1250
1976 1250
1990 1264
1918 1251
1975 1267
1987 1240
1963 1245
1925 1257
1962 1281
