2000 2000 2000
15 1937
2 1918
1979 1939
6 1933
1989 1917
16 1906
10 1927
1978 1906
1994 1900
1984 1935
4 1904
1980 1921
1996 1931
1983 1929
1994 1915
2 1947
1 1936
1971 1925
1998 1909
15 1908
1740 946
15 1945
5 1935
6 1916
18 1922
1970 1926
8 1903
12 1945
1997 1942
1974 1915
1982 1916
1974 1938
19 1923
1978 1914
1978 1927
16 1911
12 1914
16 1915
1979 1914
4 1908
1970 1907
1981 1905
1972 1903
1991 1916
1996 1918
1997 1904
17 1919
1986 1899
586 52
1981 1942
14 1909
4 1902
1977 1942
1971 1937
1988 1942
1997 1925
1983 1928
1986 1901
17 1939
1581 1618
11 1901
1973 1900
19 1927
12 1912
1982 1928
1978 1904
1994 1909
1987 1923
1987 1935
1976 1916
1978 1905
7 1907
9 1933
1989 1948
302 1520
1998 1936
1 1900
18 1906
1243 420
9 1935
1973 1904
1995 1948
518 1463
1989 1934
5 1913
1973 1919
1988 1919
2000 1921
16 1943
16 1905
1979 1918
18 1927
1992 1935
1984 1938
15 1911
1126 1504
11 1940
1998 1944
1997 1937
17 1925
1980 1942
1984 1934
3 1899
16 1908
17 1937
10 1941
14 1924
18 1934
13 1903
1977 1909
1 1932
1982 1921
1987 1930
250 114
1994 1922
1991 1933
1980 1941
1983 1917
1972 1911
1982 1901
1981 1918
15 1942
1996 1926
1861 1994
1977 1904
14 1919
2 1936
1991 1919
6 1914
1019 1838
3 1914
1989 1903
2 1914
10 1934
1992 1913
9 1903
1976 1936
16 1899
1987 1938
13 1912
1996 1930
1995 1935
1975 1929
3 1940
1988 1940
10 1902
1976 1940
1999 1941
1984 1937
1989 1919
1972 1907
442 274
1144 386
1982 1913
225 1176
1 1924
1988 1936
1980 1922
8 1915
1980 1943
1973 1905
1996 1921
15 1922
1997 1926
187 815
13 1929
15 1910
5 1948
11 1947
12 1929
17 1921
1981 1907
1988 1921
1982 1910
1995 1939
1970 1922
1991 1911
1765 253
1986 1920
1996 1941
57 1100
9 1915
1992 1944
1993 1924
8 1939
1975 1932
10 1935
1984 1905
10 1943
1981 1928
1992 1905
11 1906
17 1923
1984 1908
8 1929
1974 1936
1982 1904
2 1932
1982 1919
6 1904
1 1942
1981 1923
1971 1941
8 1904
1999 1913
1983 1912
1978 1935
6 1928
1982 1946
731 570
1983 1948
1981 1941
1977 1938
1 1931
1982 1944
19 1903
1999 1930
1975 1935
1990 1925
18 1920
4 1923
1987 1915
19 1914
5 1917
1991 1915
1994 1935
15 1912
1976 1931
1971 1940
1982 1926
10 1940
1999 1948
1972 1916
1985 1919
1976 1902
18 1945
2 1929
1 1933
12 1927
217 1028
1992 1914
1975 1904
1974 1948
1972 1929
16 1912
1997 1899
1982 1933
1970 1908
16 1903
517 1511
1982 1911
1987 1905
1971 1910
17 1920
9 1911
15 1944
15 1924
1989 1923
1979 1922
1974 1935
1993 1930
1978 1924
1992 1903
6 1930
1984 1941
1980 1920
10 1931
1971 1906
1987 1910
1978 1945
1976 1932
1977 1919
5 1922
9 1947
16 1917
1991 1923
1985 1902
1974 1946
1982 1947
1970 1914
465 1539
1999 1937
2 1935
8 1946
1982 1948
12 1906
1979 1921
11 1945
1984 1933
1996 1927
1993 1926
1970 1927
1999 1921
741 997
9 1928
1971 1938
79 805
14 1912
1976 1900
1995 1933
1999 1943
805 1164
1999 1912
1026 1623
1978 1923
1984 1921
1982 1902
1977 1921
1972 1944
1989 1920
7 1926
928 1027
1999 1946
19 1944
4 1922
15 1935
1976 1913
10 1924
2000 1900
1988 1937
1974 1944
1993 1901
1986 1917
1983 1901
1999 1932
9 1899
12 1931
14 1901
1977 1916
1999 1900
19 1917
7 1938
1994 1904
14 1917
11 1936
1998 1904
1981 1944
1992 1925
13 1915
1982 1908
13 1924
1996 1937
6 1945
1990 1932
1990 1910
1979 1903
5 1945
3 1922
1985 1930
1988 1905
1993 1946
1993 1911
8 1941
1979 1911
1988 1931
1981 1902
1739 1232
1 1948
1994 1930
13 1921
5 1932
793 1331
1973 1935
781 388
18 1907
1972 1933
1985 1911
3 1908
1995 1944
1987 1919
1973 1927
1984 1913
1979 1932
9 1938
19 1940
1975 1922
10 1944
1995 1912
1971 1916
18 1909
13 1932
1988 1902
1994 1946
1983 1914
1970 1932
1996 1903
1980 1910
1989 1922
16 1920
1991 1943
1998 1948
1979 1915
10 1926
1998 1925
1994 1903
1988 1944
1978 1901
1970 1948
13 1933
1991 1921
11 1926
1970 1920
1974 1929
1986 1928
1974 1916
1982 1925
17 1943
2 1904
1982 1941
1 1940
5 1931
1996 1902
1984 1919
9 1921
15 1934
10 1928
1971 1927
1987 1926
1975 1940
16 1930
6 1922
1975 1916
19 1905
4 1945
17 1908
6 1926
1 1918
12 1908
1971 1939
1999 1934
1981 1934
1981 1911
2000 1922
1987 1907
5 1909
7 1912
1991 1946
10 1914
1977 1945
1985 1939
1999 1925
1994 1939
1997 1915
6 1939
1986 1934
1977 1901
6 1943
11 1911
16 1909
3 1927
11 1935
11 1910
1998 1947
1991 1936
1734 1003
3 1943
1997 1941
1975 1948
1984 1923
1972 1937
1254 1256
8 1936
1973 1916
1 1910
1843 784
1974 1933
1972 1905
2000 1924
1987 1903
1992 1947
1974 1899
15 1916
1 1947
1996 1907
1976 1907
14 1938
1986 1916
18 1928
1994 1899
1995 1899
1972 1932
3 1924
2000 1933
1 1935
10 1930
11 1922
1989 1899
1994 1942
1970 1902
1978 1942
1986 1919
1972 1904
6 1932
1980 1900
10 1900
1987 1912
1972 1948
1987 1922
13 1927
1973 1922
1973 1934
13 1931
1992 1922
1999 1905
1976 1899
1992 1919
1977 1936
1971 1924
1980 1904
2000 1936
404 849
1976 1915
1985 1929
4 1946
1912 692
14 1922
19 1934
1 1937
18 1904
11 1918
1999 1918
1978 1925
1994 1943
1983 1921
991 1890
1989 1909
1985 1931
1984 1902
1991 1918
65 186
8 1944
1989 1931
1118 1857
17 1934
1983 1940
1998 1935
1981 1920
1985 1917
1987 1940
1990 1917
1983 1916
1984 1909
4 1929
32 577
1976 1909
1990 1905
1988 1911
1286 925
1982 1899
1 1921
1986 1931
516 828
19 1924
1991 1906
14 1929
1988 1947
1986 1932
1997 1902
2000 1915
2000 1935
1978 1937
1996 1914
7 1941
15 1947
1762 16
16 1901
1981 1940
1989 1947
14 1925
19 1926
1998 1907
1984 1924
5 1899
1970 1919
1976 1947
1981 1899
1973 1917
4 1943
1984 1930
1441 381
1986 1909
1987 1924
18 1946
1977 1935
13 1948
1985 1942
2 1921
1981 1935
1977 1920
2 1899
1979 1905
1975 1946
2 1928
1174 462
1980 1933
1996 1939
1996 1932
1997 1905
1979 1940
1983 1937
1993 1914
10 1908
1987 1945
1982 1924
1974 1920
1381 519
1972 1919
1996 1944
1976 1933
1989 1916
1990 1920
3 1948
1998 1929
1989 1945
1973 1941
1970 1933
1990 1919
1970 1925
1973 1944
1991 1908
14 1937
9 1945
4 1921
1980 1948
1970 1930
1987 1944
11 1915
1974 1901
1978 1920
17 1946
1992 1940
17 1911
12 1918
1994 1905
19 1947
5 1943
1558 146
1995 1942
19 1899
1977 1941
12 1932
1997 1913
1000 657
1975 1912
1981 1925
1972 1920
1992 1936
8 1942
1988 1926
1992 1946
16 1921
1981 1932
1990 1938
6 1908
1985 1900
2000 1925
3 1912
1981 1912
1996 1929
1974 1904
7 1914
7 1948
1971 1909
1986 1900
1993 1921
4 1920
1982 1920
1970 1921
16 1927
8 1916
16 1933
1994 1923
1971 1901
1976 1910
2000 1945
10 1899
2 1940
15 1900
14 1902
1996 1905
1979 1937
1978 1934
1985 1945
13 1905
4 1907
14 1907
1986 1944
200 538
18 1926
1978 1940
1996 1934
19 1928
9 1929
2000 1920
2 1922
1997 1929
10 1901
1985 1905
1977 1927
9 1941
1986 1947
1972 1910
14 1943
1990 1911
1971 1913
1995 1906
14 1916
1988 1941
1983 1938
9 1931
14 1948
1965 1226
1987 1941
1985 1926
1986 1942
1356 825
2 1948
1992 1915
1192 1149
19 1925
1986 1941
15 1936
1984 1939
1470 1825
1992 1901
1989 1908
5 1921
1985 1915
1990 1935
3 1900
11 1902
1333 1953
1990 1941
14 1931
7 1922
1988 1903
1989 1933
1989 1921
11 1916
1982 1900
1992 1921
1986 1914
13 1904
1999 1908
4 1899
1980 1918
1992 1926
1995 1915
1976 1924
1971 1921
17 1928
5 1915
1978 1936
1976 1939
7 1901
1976 1942
1998 1937
7 1917
1986 1927
1982 1923
1995 1900
1988 1923
1999 1926
7 1913
19 1906
1988 1935
1976 1917
1441 417
1992 1923
16 1916
1988 1916
1989 1901
1977 1913
4 1909
1979 1935
2 1946
1976 1908
1 1922
13 1942
3 1932
1994 1902
18 1936
1975 1925
270 1453
1998 1910
1971 1946
1993 1942
12 1939
1 1941
1993 1923
7 1928
14 1920
16 1929
1981 1937
1127 1483
1990 1908
1971 1917
1978 1916
13 1938
1973 1942
1994 1920
1973 1929
1998 1940
1998 1914
13 1936
1991 1926
1982 1922
1983 1947
14 1910
1987 1913
16 1940
1990 1924
7 1937
16 1936
14 1946
1625 204
1997 1909
1984 1922
1973 1907
19 1916
1972 1924
1993 1916
1979 1929
8 1907
1980 1906
1997 1914
17 1905
1994 1908
1985 1941
1993 1906
17 1935
19 1945
4 1930
19 1931
11 1934
11 1903
1998 1945
1984 1912
11 1914
1980 1903
1980 1917
8 1926
333 511
1996 1925
6 1941
19 1921
6 1921
5 1908
1970 1911
1982 1936
18 1925
1170 1612
1983 1899
18 1937
1992 1943
1983 1924
1 1903
1987 1934
19 1915
1 1926
1974 1912
3 1909
1985 1899
1984 1917
3 1915
1687 722
1999 1906
1992 1917
9 1934
1970 1924
1980 1905
5 1944
8 1940
1971 1935
16 1942
1971 1899
1994 1932
1977 1939
1973 1933
1993 1904
12 1937
14 1933
12 1936
4 1915
1970 1903
1974 1927
13 1946
16 1907
1972 1941
4 1939
2000 1911
11 1928
928 1034
1978 1930
1978 1932
2 1938
1976 1941
509 756
1994 1944
1991 1901
1984 1925
1997 1933
1999 1914
1988 1906
7 1927
2000 1944
1995 1907
1991 1920
1970 1910
1992 1899
3 1925
1997 1900
1978 1913
1978 1908
1991 1905
18 1908
1995 1943
9 1924
1998 1924
1984 1918
1978 1900
1990 1912
1983 1910
17 1929
1980 1938
1980 1927
1973 1910
2000 1901
17 1910
1702 764
1980 1914
1512 793
1984 1904
1981 1929
305 443
1978 1910
12 1920
9 1914
1975 1938
16 1945
1973 1908
3 1944
1998 1927
15 1928
1249 1557
1992 1907
1980 1912
1975 1943
3 1907
1610 905
1988 1928
1970 1937
4 1928
1977 1930
1979 1927
1986 1933
1983 1908
1986 1939
15 1938
1973 1902
1980 1911
7 1934
1976 1911
1972 1931
1985 1901
1995 1908
1980 1913
15 1946
1975 1928
3 1929
16 1914
13 1944
1981 1906
17 1927
1979 1945
1981 1908
1403 416
1973 1924
1996 1947
1990 1945
6 1924
1979 1941
16 1948
2000 1912
13 1947
1986 1912
1978 1919
1980 1947
1994 1918
13 1925
1971 1900
1984 1947
1994 1938
1976 1912
7 1923
1982 1934
8 1930
2 1905
12 1946
3 1910
1980 1940
1998 1905
1583 1408
941 1325
1984 1903
15 1913
1973 1936
1995 1925
1973 1921
1991 1914
1990 1907
17 1941
1998 1923
5 1928
1974 1913
18 1901
1994 1936
6 1902
1997 1912
1936 785
2 1907
1995 1922
1983 1903
2000 1948
1970 1931
17 1909
1 1927
1984 1899
1997 1940
1975 1903
9 1912
1973 1947
1988 1901
1497 1588
19 1902
4 1905
1975 1933
1999 1942
16 1947
1971 1945
1970 1945
1997 1924
19 1907
9 1913
6 1909
1 1913
1980 1899
1971 1942
1 1911
15 1907
8 1943
1987 1917
7 1921
1979 1906
1986 1948
1820 397
17 1917
18 1947
14 1932
19 1901
2 1917
788 288
3 1945
1986 1922
715 965
18 1903
1990 1937
1977 1910
5 1936
11 1925
992 575
1231 1131
1991 1924
9 1910
10 1932
1971 1919
8 1917
14 1918
12 1921
1999 1931
4 1914
10 1933
1346 509
1394 572
8 1906
1977 1932
1981 1915
1994 1929
1995 1926
1990 1900
1976 1914
1988 1917
6 1910
1974 1918
1991 1929
4 1942
1209 1436
457 1678
1993 1927
2000 1907
2 1906
9 1926
2000 1917
1122 824
1995 1911
14 1935
1970 1940
1987 1942
11 1932
6 1913
1989 1938
1989 1937
312 1151
15 1902
8 1912
1982 1906
1980 1929
1980 1944
18 1933
14 1903
1999 1924
1 1929
7 1899
12 1942
1805 330
1986 1937
1997 1922
1997 1939
1970 1942
1994 1913
1026 1208
12 1934
1827 964
15 1920
18 1917
1971 1905
1977 1947
7 1905
1996 1917
1983 1935
1985 1943
5 1929
1989 1928
15 1925
10 1923
1998 1903
1981 1946
612 770
1980 1907
1 1914
1989 1907
1532 9
1977 1929
1991 1932
1971 1931
1978 1929
1987 1946
3 1942
1990 1904
1975 1939
1992 1930
12 1915
17 1931
1998 1915
6 1919
1975 1945
1976 1938
1999 1916
714 54
3 1902
9 1902
1991 1909
1988 1913
1993 1900
1986 1930
1977 1926
1994 1911
11 1944
17 1902
1976 1944
1998 1920
14 1923
1992 1920
1989 1941
1989 1929
1974 1908
3 1920
1994 1907
7 1920
18 1915
4 1947
16 1937
1994 1945
1979 1946
1029 1633
17 1901
210 147
1973 1931
1976 1925
1982 1930
16 1946
2000 1909
1974 1903
1985 1907
1994 1925
13 1930
6 1940
1997 1908
1993 1939
1993 1908
8 1924
1990 1923
1989 1904
3 1937
1980 1926
1981 1943
1982 1931
2 1927
3 1903
15 1948
1991 1927
1992 1910
19 1933
1970 1938
2 1933
1970 1913
1990 1942
1986 1926
1971 1923
1971 1911
1973 1918
1995 1910
12 1900
1973 1915
2000 1919
1977 1944
19 1938
1972 1918
2 1944
3 1918
1978 1938
15 1905
3 1933
1996 1945
9 1918
1995 1945
1980 1908
1994 1933
1988 1938
1975 1937
4 1936
10 1911
1971 1918
1996 1911
1975 1911
15 1918
253 1806
1971 1902
1977 1902
7 1936
15 1903
12 1902
1996 1908
1975 1936
16 1944
11 1942
16 1928
1974 1906
2000 1929
1987 1928
1989 1926
1997 1910
19 1911
1996 1940
1984 1900
1997 1946
1981 1948
1976 1929
1976 1905
1973 1925
7 1904
1973 1920
9 1922
1982 1915
1975 1923
9 1943
1972 1912
8 1935
2000 1914
1997 1911
18 1948
10 1925
1989 1900
1 1907
15 1926
972 1539
3 1931
6 1917
535 142
3 1917
1993 1920
4 1916
1990 1939
1992 1939
10 1947
1973 1932
17 1906
1985 1922
15 1930
11 1899
1975 1907
6 1942
1999 1947
17 1933
1984 1910
1977 1905
17 1947
6 1927
11 1937
1841 1495
909 928
2 1939
1624 1864
1998 1902
1996 1900
1984 1920
1984 1901
4 1948
14 1945
1998 1932
12 1916
1819 1998
1997 1921
1985 1906
13 1917
1979 1936
1992 1908
16 1922
2 1910
1 1946
1988 1909
455 1374
4 1919
1970 1909
11 1923
13 1916
12 1933
1998 1906
1977 1943
1978 1909
10 1942
1983 1927
1987 1902
2000 1916
1977 1900
13 1901
1985 1932
17 1916
1970 1905
5 1925
1992 1927
1989 1936
264 1366
1983 1932
1997 1928
17 1936
1979 1909
2 1942
3 1946
1977 1940
1990 1944
1998 1928
1985 1918
1979 1907
1996 1935
14 1944
4 1926
17 1903
1867 1654
1984 1929
1990 1931
1979 1944
12 1947
1970 1944
15 1929
1993 1934
1979 1902
589 1171
1991 1912
1990 1916
1972 1938
10 1905
17 1904
1451 80
1982 1929
5 1903
1977 1915
1991 1935
19 1942
1978 1915
1975 1915
1994 1934
1978 1918
15 1915
2000 1941
2000 1947
6 1918
14 1906
7 1916
1996 1938
1988 1899
5 1905
1988 1933
1989 1940
4 1911
12 1935
1978 1944
1997 1927
1985 1948
1975 1941
11 1907
17 1907
1996 1904
11 1908
1998 1911
1998 1899
3 1941
13 1943
5 1934
1999 1936
1974 1919
6 1900
1986 1929
1987 1933
229 969
14 1915
8 1902
1995 1934
10 1919
1990 1933
9 1900
2000 1942
1981 1936
19 1908
18 1914
2 1945
1 1908
7 1903
1987 1932
1991 1945
1985 1912
1973 1943
1998 1922
13 1914
2000 1928
1150 1651
8 1934
1984 1926
14 1911
1996 1924
2 1941
1970 1915
2 1919
1989 1905
9 1937
1993 1909
1979 1943
1989 1913
12 1930
16 1924
1983 1926
1974 1941
5 1920
17 1942
10 1939
1990 1914
1339 991
6 1947
983 1728
12 1925
1979 1919
1992 1918
3 1928
1987 1908
1993 1917
1993 1943
1154 1298
2000 1939
1977 1934
15 1939
530 700
4 1941
1991 1900
1977 1922
1996 1928
1995 1929
1 1906
1975 1924
2 1902
1982 1918
666 1295
1170 606
1 1916
1971 1944
15 1931
1988 1904
1980 1919
12 1940
1689 82
1972 1906
6 1920
1995 1921
11 1941
12 1928
1 1930
1974 1945
1995 1920
1978 1931
1883 714
1971 1903
1999 1903
10 1907
1996 1913
1998 1919
11 1900
9 1927
1996 1906
1985 1904
1982 1932
1981 1914
1974 1947
1972 1939
15 1914
1860 487
1999 1911
5 1938
1997 1936
1989 1927
1992 1934
1992 1904
874 457
16 1925
10 1945
3 1911
1978 1902
1981 1910
12 1922
18 1931
15 1932
5 1930
1995 1905
1986 1905
1988 1930
18 1943
1012 1217
1980 1931
1981 1916
1999 1902
1984 1940
1991 1903
1982 1903
6 1948
3 1916
1999 1899
1976 1904
1989 1944
1160 1138
1999 1919
4 1934
17 1945
1976 1919
1995 1928
1972 1899
2 1900
1995 1919
1033 884
1972 1943
1975 1914
1994 1901
1990 1902
1971 1915
1992 1933
2 1923
18 1924
838 1414
18 1902
1972 1917
1989 1930
8 1901
1423 745
13 1899
4 1935
1988 1920
10 1918
1506 741
1978 1903
1996 1942
12 1926
14 1905
946 1401
1971 1936
1973 1903
1300 1798
1 1905
8 1947
1973 1911
1996 1912
1253 1502
1970 1943
1974 1911
16 1904
4 1917
11 1912
18 1910
1975 1910
11 1948
1997 1930
1976 1946
13 1926
9 1904
1996 1946
1984 1927
1992 1929
1995 1918
400 784
7 1946
6 1931
1998 1913
1985 1903
108 1893
1978 1926
1970 1899
1991 1931
7 1935
1999 1944
1999 1909
1978 1928
1998 1917
274 1306
1982 1907
1 1938
1982 1935
1994 1921
1996 1948
12 1901
2 1925
1975 1920
19 1932
1986 1936
1976 1923
1989 1906
11 1938
1974 1940
1975 1917
1978 1939
1986 1943
1994 1914
5 1901
6 1899
8 1919
1996 1916
1987 1948
1972 1940
1980 1923
1998 1901
15 1941
1991 1937
1980 1915
17 1912
19 1929
13 1913
1995 1932
1985 1910
1996 1936
1980 1924
1975 1926
1992 1932
1974 1932
8 1899
1990 1928
15 1927
3 1926
1978 1922
1993 1944
1990 1909
1998 1918
1984 1914
1989 1932
1990 1943
1987 1920
1979 1913
1973 1909
1982 1938
6 1906
1984 1932
8 1923
18 1921
2000 1937
1974 1931
9 1901
12 1910
9 1906
452 1550
17 1930
18 1932
11 1931
4 1900
1976 1930
1 1904
1998 1926
1972 1909
6 1925
1990 1948
620 573
1 1925
1985 1947
1998 1938
1973 1937
1978 1947
9 1907
7 1942
2000 1927
1986 1913
1980 1945
1982 1945
1976 1934
14 1942
1977 1946
15 1904
1985 1923
7 1925
1 1928
1976 1901
1984 1915
2 1920
2 1915
1991 1939
17 1913
1972 1936
2000 1943
1993 1941
13 1919
16 1932
13 1907
1985 1935
4 1931
1970 1912
1972 1945
16 1910
1979 1947
16 1900
1999 1927
12 1907
1990 1930
1991 1947
132 1536
1970 1923
1988 1914
1976 1903
8 1932
1985 1933
1986 1923
7 1930
1973 1928
18 1942
11 1921
1971 1920
1974 1925
7 1911
6 1937
1973 1940
1992 1924
18 1930
13 1900
1979 1938
10 1910
1982 1912
1999 1901
5 1911
11 1909
8 1914
10 1915
1978 1917
1985 1936
1973 1906
19 1918
1987 1936
1980 1936
1980 1932
1974 1900
1982 1942
18 1912
5 1912
1989 1939
1987 1929
14 1900
1986 1925
1970 1936
1989 1918
9 1942
1989 1924
19 1913
2000 1899
6 1946
1542 1536
1991 1942
3 1906
1978 1933
1983 1942
1991 1940
5 1916
1983 1918
2 1908
11 1943
14 1921
1990 1903
1983 1939
1978 1912
17 1924
1713 241
8 1913
1985 1921
2000 1930
5 1910
1989 1925
12 1913
7 1924
1971 1932
1996 1933
1975 1906
1986 1906
1977 1899
1975 1899
1983 1934
1994 1916
1947 1650
1974 1930
12 1919
11 1917
18 1911
1984 1907
1991 1934
1974 1937
1988 1915
7 1900
8 1931
1988 1908
1972 1947
1 1902
16 1913
12 1911
1992 1928
7 1910
6 1934
1984 1944
1977 1925
1986 1938
7 1909
14 1927
18 1913
1979 1928
18 1918
14 1914
1970 1935
1982 1905
5 1946
18 1938
2 1912
14 1930
7 1933
1993 1919
1974 1905
19 1936
1992 1911
1999 1929
13 1937
14 1913
1991 1944
3 1938
1993 1936
1972 1901
1975 1909
10 1917
1204 898
1990 1927
1529 127
1971 1943
1994 1937
1991 1904
1970 1900
1978 1911
3 1923
1976 1928
1979 1904
1980 1902
1985 1909
1976 1926
1993 1907
1999 1935
9 1930
1984 1931
1295 304
1977 1931
18 1935
363 416
4 1918
6 1944
1999 1907
1982 1937
1999 1938
11 1913
1976 1922
165 150
1983 1913
1979 1912
1990 1947
4 1940
1974 1917
1987 1931
5 1907
6 1929
1980 1946
1999 1904
515 1573
1970 1906
1976 1937
6 1901
19 1900
1994 1906
1622 1676
1997 1934
17 1899
1 1919
1992 1900
1975 1947
2000 1904
8 1925
19 1920
1985 1924
17 1915
1971 1928
1988 1934
1977 1917
10 1921
1992 1948
644 1647
1976 1935
1973 1938
13 1906
1979 1933
1983 1915
11 1946
1970 1929
1978 1941
1995 1923
5 1927
1983 1922
3 1904
1985 1938
17 1918
1971 1922
1979 1925
13 1918
1974 1926
2 1934
1983 1920
1976 1948
1989 1914
1977 1906
1997 1947
1995 1927
6 1938
2000 1934
1981 1919
11 1904
1990 1934
8 1908
8 1937
1995 1941
935 1488
1981 1900
1972 1927
10 1946
1995 1909
12 1917
2000 1903
1997 1938
1997 1916
1976 1906
1972 1908
1348 1969
1986 1935
1985 1927
2000 1902
1995 1947
6 1903
1995 1946
1988 1918
1970 1947
1974 1909
