2000 2000 2000
1934 30
1933 1995
1922 30
1928 27
1909 1990
1902 20
1938 1988
1943 1986
822 1348
1901 33
1935 8
1914 12
1902 1986
1928 24
1912 13
1919 1993
1940 1991
1898 29
1915 1988
1914 1987
1943 1997
1913 31
1922 1988
1898 23
1943 1991
1924 22
1929 26
1900 21
1909 27
1912 23
1934 1993
1917 2000
1910 1990
1907 1988
1898 1988
1579 171
1910 21
1927 13
1914 30
1916 13
1913 1994
1912 1992
1085 1368
1943 32
1910 1993
1939 18
1918 16
1938 1997
1914 9
1922 18
1899 12
1909 24
1913 1989
1934 9
1923 31
1917 32
1136 875
1940 1994
1927 1986
1903 33
1907 23
1914 1993
1938 19
1922 20
749 1585
1928 1984
1921 27
296 1020
1912 27
1902 21
1911 27
1908 25
1947 1994
1944 9
1915 22
331 633
1910 18
1913 17
1908 7
1930 1998
1923 26
1934 1994
1912 6
1911 24
1934 13
1901 1998
1911 6
1929 9
1928 7
1941 17
1902 2000
1912 2000
1910 1998
1906 33
1917 21
1918 23
1907 7
704 1834
1923 16
1933 32
1906 18
1914 14
1899 1993
1921 1997
1911 16
1902 1998
1938 24
1913 1992
1376 1546
1920 1986
1946 1
1940 4
1924 1996
1946 29
1904 12
1936 1992
1943 1996
1934 33
1907 24
1908 17
1905 1
1939 14
1933 1985
1933 33
1925 18
1925 22
1946 1997
1930 33
1904 1994
1943 1988
1923 1990
973 747
1936 15
1917 1996
1905 30
1940 10
1944 1990
1112 466
1912 18
1898 31
1916 1993
1907 8
1943 7
1925 13
1940 20
1945 1995
1905 11
1929 1998
1903 1986
1938 1994
1924 17
1914 6
1919 13
1910 22
1921 25
1930 1989
1945 18
1902 29
1927 3
1909 31
25 1403
1934 16
1938 20
1920 22
1931 21
1934 22
1923 1994
1932 28
1922 21
1909 25
1919 7
1909 17
1929 1995
1908 10
1937 18
1940 11
1282 1743
419 1512
1932 6
1902 23
1908 1998
1930 26
1925 25
1929 1986
1915 3
1899 9
1899 14
1929 12
1931 28
1913 18
1908 23
1911 1990
1917 1985
1907 1997
1912 14
1931 29
1911 1988
1925 7
1912 1999
1901 24
1903 1992
1927 23
1934 2000
1907 26
1914 26
1898 1987
1925 11
1939 1993
824 1243
1929 11
359 356
1911 9
1943 2
1943 3
1938 1998
1944 6
1942 3
1936 1
1916 1999
1919 2000
1917 1984
1945 1990
1925 9
1937 33
1911 2000
1929 18
1915 7
1939 1991
1942 25
1898 8
1639 1074
1945 1989
1941 5
1904 1985
1907 22
876 486
1910 15
1938 1990
1928 33
1917 10
1943 12
1068 671
1911 12
1908 27
1908 19
1900 1988
1902 4
1903 22
1933 1993
1939 1986
1935 14
1939 20
1941 15
1913 19
1926 19
1921 2
1942 16
1930 31
1928 8
592 1385
1916 12
1935 3
1898 2000
1907 2
1913 7
1920 29
1931 2000
1929 28
1917 1987
1910 8
1927 16
1937 21
1921 16
1913 15
1900 1999
1909 2000
1909 1998
1903 15
1911 33
1924 10
1900 4
1930 2
1900 8
1921 10
1919 15
1938 26
1908 18
1926 2
1929 32
1900 1990
1935 17
1930 32
1900 19
1932 5
1906 17
1945 27
1729 122
1932 15
1934 1986
1902 28
1942 1984
1905 33
1937 1990
1922 1993
1900 1985
1900 9
1182 1959
1929 2
1919 31
1922 23
1919 10
1943 13
1923 27
1928 4
1914 1998
1905 15
1937 22
1903 25
1925 29
1922 1992
1936 13
1906 2
1943 30
1899 1998
1915 6
1923 1986
1942 22
1944 1999
1935 1997
1916 1988
1942 11
1903 2000
1927 17
1907 1994
1910 1999
1899 29
1937 6
1907 29
1923 1995
1939 15
1908 3
1914 16
1933 31
1927 1999
1917 1989
1916 1987
1922 1991
1933 1994
1904 6
1913 27
1942 1994
1900 22
1924 13
1909 20
1904 1988
1900 1996
1937 1986
1941 2000
1917 15
1938 14
1918 7
1923 1984
1942 1991
1908 24
1905 1993
1942 14
1923 1991
1944 1986
1944 16
1946 2000
1922 1985
1927 1984
1912 10
1933 15
58 1161
1918 11
1941 1997
1934 5
1940 18
1913 1995
1945 15
1918 17
1940 6
1921 5
1899 1994
1933 1984
1936 20
1930 1996
1932 2000
1909 16
1924 1993
1934 26
1928 1992
1932 1988
1898 4
1910 16
1922 6
1928 1
1923 6
1943 25
1942 1990
1926 2000
1918 30
1906 1990
1898 1994
1903 1999
1898 11
1918 2000
1926 24
1912 24
1900 24
1938 17
1916 18
1217 515
1905 17
1907 20
1906 1997
1910 1985
1905 20
1928 5
1936 1986
1920 1994
1943 21
1942 5
1906 28
1934 19
1920 12
1843 433
1928 1986
1902 1
1945 4
901 416
1905 31
394 921
1934 17
1901 9
1945 5
1939 10
1936 12
1911 3
1927 1991
1936 17
1262 483
1933 13
1902 1989
1939 1998
1909 30
1899 26
1930 5
1907 1996
289 1381
1920 1985
1932 30
1900 17
1943 6
1924 1992
1923 10
1928 31
1901 6
1929 4
1927 1995
97 103
1943 1989
391 383
1933 4
1912 26
1927 1988
1927 6
1913 1993
1905 16
1930 17
1904 2000
1932 1996
1909 2
1912 1988
1916 1984
1899 1
1899 22
1941 29
1898 9
1903 7
1925 20
1942 1985
1938 1987
1901 1994
1927 7
1898 1992
1923 1992
1938 25
1936 2000
1940 1
1913 26
1939 28
1932 21
1904 20
1906 7
1927 21
1900 23
1908 9
1901 1999
1921 1986
1920 28
1902 1985
1911 1997
1931 31
1940 3
1933 1990
1919 33
1934 31
1916 29
1917 1997
1932 23
1910 14
1929 21
1902 30
1125 1586
1927 4
1922 1998
1911 18
1915 1987
1904 32
1910 7
1932 4
1906 1996
1900 30
1908 6
1931 1988
1901 1987
1906 11
1929 22
1944 10
1207 1121
1924 3
1914 32
1917 31
1920 5
1911 1995
1902 19
1922 26
1940 19
1926 1998
1902 31
1900 1991
1939 33
1903 11
1908 11
1942 31
1915 32
1925 15
1908 1993
1906 9
933 1298
1903 1997
1920 1990
1938 22
1903 17
1932 1993
1925 26
1168 1345
398 959
1906 1
1940 1998
1919 2
1926 22
1941 9
1923 32
1918 9
1946 1994
495 881
1903 4
1898 20
1910 1988
1908 16
1917 14
1940 23
1919 5
1918 1994
1915 2
1909 23
1918 3
1902 1999
1906 1992
1944 2000
209 812
1906 30
1925 1989
1903 26
1924 21
1940 1984
1938 11
1924 1988
1898 1997
1944 33
1523 834
1916 2000
1922 1987
1906 16
1899 1990
1930 1999
1916 1995
1936 1994
1914 1994
1923 15
574 623
1656 128
1929 1990
1901 11
1935 25
1934 11
1916 1985
536 156
1944 27
1928 15
1917 18
1308 1598
1904 1991
1918 1997
1901 1
1901 29
1947 1996
216 864
1934 1984
1911 23
1933 27
1909 3
1925 1997
1913 1984
1939 19
1910 1989
1908 5
1927 1
1914 1996
1910 17
1930 8
1928 1993
1904 28
1941 1993
1939 23
1906 31
1915 19
1931 19
1943 1995
1928 1998
704 1356
1902 16
1930 1997
1931 11
1922 7
1927 19
1906 26
1904 1996
1921 18
1919 24
1916 1997
1940 1989
1904 21
1901 26
1901 1984
1933 1991
1905 26
1939 32
1943 22
1913 14
1924 1986
1922 28
1899 13
1930 11
1017 1607
781 1077
1905 27
1902 15
1923 17
1931 20
1917 4
1944 1993
1899 1995
1910 4
1947 26
1898 1984
1901 16
1930 13
1931 1985
1943 5
1906 2000
1937 1985
1905 32
1907 11
1913 2000
1945 1
1911 26
1908 14
1935 2000
1927 1990
1923 7
1920 15
1898 1
1909 1989
1904 13
1915 13
1924 20
1899 1989
1916 1996
1907 4
1936 10
1942 10
1906 1994
1916 11
1913 6
1910 26
1900 28
1917 7
1922 4
1059 1975
1942 8
1941 18
566 894
1924 11
1926 1997
1947 1987
1917 5
1927 5
1920 1995
971 1520
1933 5
1943 16
1920 17
1930 27
1904 31
1902 1992
1947 28
1941 30
1901 1986
1910 1991
1913 2
1941 7
1941 1996
1908 1997
1900 1984
1939 5
1916 27
1935 1986
1926 6
1919 16
1943 9
1947 1999
1101 1507
1920 1997
1905 1992
1903 1994
1936 1993
1905 5
1939 1987
1946 25
1920 1
1908 22
1899 16
1925 1988
1921 1992
1923 19
1916 1994
1933 12
1919 8
1903 1989
1913 23
1925 1993
1922 1986
1917 24
1937 24
1913 11
1898 1990
1918 31
1933 24
999 1014
1930 29
1935 7
1914 1
1945 1998
1946 5
1904 1993
1199 609
1926 28
1921 13
1900 15
1926 26
1042 1096
1931 1997
1940 21
1937 1994
1898 3
1942 9
1900 29
1921 1988
1916 20
1907 25
1935 30
1753 920
1905 7
1920 1984
1933 17
1908 26
1904 1995
1899 1984
1920 1999
1944 1989
1911 21
1912 32
1173 1266
1918 1
1905 1991
1899 17
1930 6
1657 1776
1928 26
1910 24
1915 18
1916 17
1913 25
1917 19
1918 1989
1941 25
1916 5
1941 1999
1930 1985
1925 12
1943 29
1932 1998
1927 2
942 1038
1917 1995
1930 12
1934 1
1921 14
1943 27
1940 1985
1927 12
1934 6
1911 28
1923 21
1944 28
1921 1990
1941 20
1904 19
1903 12
1941 1998
1902 17
1918 1991
1926 29
1934 1989
1901 15
1908 1984
1903 27
1909 12
1921 8
1911 7
1905 9
1534 301
1944 20
1928 11
1938 21
245 1006
1398 556
1927 1996
1903 31
1945 1997
1924 28
1929 29
1937 1991
1922 17
1905 22
1911 10
1903 20
1911 17
1905 3
1932 3
1906 19
1947 6
1925 3
1946 27
1910 31
1947 1998
1935 12
1297 1329
1911 11
1923 1997
1904 1986
1919 21
1916 23
1944 3
1918 2
1944 11
1941 1995
1946 2
1905 1998
1937 1
1907 1990
1901 18
1898 25
1944 25
1906 22
1922 10
1913 1990
1902 1993
1918 28
1942 1999
1909 11
1913 22
1935 15
1898 24
1931 8
1922 5
879 1344
1909 1
1944 12
1901 1995
1944 18
1904 5
1901 32
1940 31
1929 1985
1939 1989
1933 10
1932 1985
1942 19
847 944
1946 12
394 1367
1908 20
1904 17
1611 1642
1935 1998
1931 2
1915 1999
1904 8
323 935
1931 30
1945 8
1899 1999
1926 7
1928 21
1947 1990
1938 7
1946 1986
1914 1989
1906 32
1925 1998
1924 1999
1925 16
1919 22
1932 24
1939 2
1934 15
1936 22
1796 1227
1940 26
1900 1995
1942 1987
1909 19
1907 3
1898 16
1915 1995
2 1093
1945 28
1920 13
1945 1999
1928 28
1921 6
1913 1986
1919 1988
1906 1991
1925 10
1918 18
1924 2
1915 8
1933 21
1918 4
1933 1986
1941 1991
1914 1985
1914 4
1940 14
1905 13
1913 1997
1902 1997
1913 1998
1910 25
1944 32
1913 1991
1947 1997
1257 1663
1905 2
1940 1988
1906 12
1925 23
1906 13
1933 7
1943 1999
1946 28
1914 1986
1917 13
1938 31
1899 1996
1958 807
1945 6
1908 1992
1937 15
1944 5
1900 1994
1920 9
1946 1992
1936 1999
1933 28
1918 1996
1921 24
1468 569
1920 8
1931 1996
1932 16
1911 25
1902 7
1911 14
1904 1992
1934 7
1942 1996
1945 19
1913 1999
1916 22
1900 25
1935 28
1905 1995
1911 32
1943 2000
1900 32
1902 1988
1923 1988
1919 32
1944 1996
830 969
1778 1062
1901 31
1918 1985
1934 10
1906 21
669 1156
1917 12
1914 2000
1917 23
741 411
1914 21
1915 26
1936 28
1901 12
1933 18
1915 14
1924 12
1932 1987
1946 4
384 1601
1920 21
1925 1996
1908 8
1924 30
1904 33
1931 32
1910 1994
1939 30
1915 1
1935 33
1907 27
1744 1384
1910 1987
1918 1992
1945 32
42 971
1532 1748
1942 1995
1918 1999
1924 14
1926 1995
1947 1
1939 31
1924 25
1930 9
1916 8
1900 27
1946 9
1908 2
1930 28
832 1177
1935 1988
1924 1985
1909 7
64 621
1942 27
1918 19
580 447
1928 2
1944 7
1917 30
723 1125
1905 1994
1935 20
1923 33
1899 7
1926 1993
643 1120
1909 4
1908 1
1921 1987
1933 1988
1917 1999
1905 12
1942 30
1931 1984
1940 17
1945 1991
1905 1986
1937 1998
1916 1
1931 16
618 77
1920 1998
1921 17
1943 31
1515 66
1917 22
1927 28
1941 2
1909 29
1909 5
1196 1938
1904 1989
1928 32
1929 2000
1928 1991
1932 26
1940 1987
1926 1994
1935 13
263 1544
1908 1989
1905 21
1946 8
1931 7
1946 10
1938 32
1917 11
1924 1989
1922 33
125 1784
1934 24
1004 144
1905 10
1938 1995
1940 1996
1924 1984
1938 15
1941 1994
1931 26
1910 2
1916 7
1904 16
1912 1986
1104 1716
1945 14
1920 10
1936 9
1937 16
1924 16
1906 6
1907 1987
1930 16
1933 30
1922 32
1912 12
575 657
395 1258
1930 1984
1903 14
1924 29
1947 1995
1928 13
1941 19
1906 5
1916 33
1929 27
1927 8
1916 1990
1946 3
1938 28
1911 19
1925 24
957 914
1934 1985
1919 29
1947 1989
1940 16
1942 28
1910 12
1947 21
1913 4
1906 1987
1938 3
1905 6
1940 2000
1928 29
1898 1993
1935 21
1903 32
2000 40
1924 4
1946 20
1910 33
1947 12
1900 1992
1937 1995
1936 18
1931 25
1943 1993
1425 451
1905 1996
1921 1996
1904 26
1916 3
1943 20
1930 1995
1916 16
1905 1990
1928 23
1910 6
1921 2000
1922 1
1911 15
1922 31
1926 1989
1924 15
1936 30
823 787
1905 28
1909 9
1930 1992
1901 2000
1912 1994
1913 1985
1916 15
1901 7
1902 2
1916 1992
1920 1993
1914 1991
1922 11
1923 1987
1934 1988
1945 7
1927 25
1932 1999
1908 29
1900 1
1929 1994
1907 1995
1937 31
1919 1991
1947 8
1898 22
1945 2000
1931 1991
1915 24
1919 20
1914 25
1933 1997
1926 1987
1924 18
1945 22
1904 10
1944 13
1924 26
1923 23
1946 19
1941 14
1508 1032
1912 2
1910 3
1899 21
1931 6
1941 28
1915 20
1937 17
1947 24
1941 8
1919 6
1901 1989
1911 1987
1907 16
1927 1989
1908 2000
1919 12
1905 1985
1920 2
1938 1996
1925 1995
1924 6
1927 2000
1946 16
1943 1985
1944 1987
1366 1025
1484 1170
1921 1984
1935 24
1912 1984
1899 33
1906 10
1901 1990
1912 1993
1929 17
1927 20
1936 21
1921 21
1903 2
1912 5
1932 10
1941 12
1902 25
1930 18
1944 17
1941 13
1932 14
1945 1987
1898 5
1908 1987
1916 24
1935 1995
1912 29
1922 24
1936 32
1921 15
1941 6
1931 12
1926 1985
1908 1996
298 332
1906 1998
1937 1993
1931 1986
1933 16
1932 1997
1923 5
1917 20
1920 7
1898 10
1920 27
1922 1989
1941 1986
1929 1997
1928 25
1899 32
1917 8
1919 1995
1902 18
1914 1984
1900 13
1941 16
1941 24
1926 23
1939 22
1901 1992
1898 1985
1901 1996
1909 1985
1920 1988
1670 1583
1904 4
1909 26
1946 23
1937 30
1938 1991
1915 21
1922 1990
1901 14
1925 19
1937 32
1935 1
540 1800
1928 3
1925 28
1935 9
1944 14
1947 9
1945 29
1926 1999
1925 1
1925 30
1916 19
1944 1992
1946 14
1921 30
1931 14
1922 1997
1932 1990
1933 11
1939 8
1943 19
1922 19
1907 1985
1917 1990
1947 30
1927 24
1503 934
1937 29
1930 1991
1925 1984
1916 1986
1915 27
1116 77
1929 30
1915 2000
1902 32
1916 25
1946 1995
1933 20
1915 30
1936 31
1912 28
1947 15
1024 1237
1898 7
1934 1999
1918 1986
1902 1995
1942 2000
1908 15
1909 1992
1906 1993
1926 1992
1930 7
1911 1985
1940 13
1928 20
1903 28
1932 1994
1926 3
1931 10
1915 25
1941 1989
1942 2
213 1593
1927 27
1939 26
1947 4
1939 29
1942 1992
492 1257
1901 1997
1912 1991
1945 21
1928 1995
1944 8
1919 1998
1913 33
1932 27
1945 1986
1932 1991
1920 6
1933 8
1944 1995
1925 27
1945 1994
1943 23
1903 1985
1927 1987
1926 5
1912 1987
1899 31
1901 20
1922 12
1936 4
1908 1986
1944 22
1922 13
1915 9
666 914
1945 1988
1920 32
1922 22
1935 1985
481 1429
1925 1986
1937 11
1922 1996
1901 19
1938 16
1927 30
1905 1997
1914 29
1901 25
1904 1997
1914 22
1929 25
1947 22
1935 16
1795 1225
1938 23
1901 1985
1914 15
1930 1
1907 13
1938 30
1911 1996
1910 1
1911 4
1925 1990
1935 1994
1907 1986
1923 2
1900 2
1916 1998
1905 1999
1927 1997
1918 24
1947 1988
1936 26
1909 1986
1946 24
1942 32
1912 33
1943 1994
1934 1998
1899 4
1930 23
1904 1990
1913 5
1942 20
1909 33
1925 5
1902 8
1903 6
1923 22
1901 1993
1927 29
1933 1989
1915 1991
1932 18
1911 1992
1912 16
1939 1992
1898 12
1931 1999
1903 9
1936 1984
1713 1305
1900 16
1910 29
1926 27
1899 15
1905 24
1929 19
1914 19
1910 5
1910 28
718 285
1914 17
1935 1984
1913 29
1946 1999
1940 1999
1934 1990
1918 1998
1929 5
1907 9
1927 10
1940 8
1913 12
1915 1989
1947 16
1925 21
1936 1991
588 640
1941 1
1913 32
1368 593
1932 17
1916 9
1932 33
1921 1995
1919 3
1920 11
1929 10
1930 4
448 1911
1901 21
1938 1993
1927 9
1909 1996
1908 1988
1941 1992
1942 29
1945 31
1928 30
1939 1
1941 1990
1946 32
1929 1984
1910 1995
1946 30
1901 27
1943 17
1911 5
1899 6
1936 23
1913 1988
1913 9
1900 1997
1902 22
1899 1987
1938 8
1908 1999
1900 10
1915 11
1942 6
1917 1992
1937 20
1916 32
1917 1988
1912 19
1937 13
1924 19
1715 1034
1923 29
1938 33
1937 7
1922 29
1942 1988
1904 1
1920 19
1909 1995
1903 10
1924 27
1911 1994
1937 5
1944 4
1926 33
1903 1990
186 331
1943 26
1914 10
1945 16
1925 2000
1947 1986
1938 1992
1941 22
1914 1997
1898 1986
1927 33
1940 33
1943 8
1931 5
1900 20
1943 10
1902 27
1936 1996
1940 1993
1932 31
1924 1
1918 1988
1923 1989
1921 29
1923 1996
1911 1998
1911 1984
1944 31
1922 8
1943 15
1915 17
1904 22
1903 1998
1911 1999
1939 1985
1907 1989
1932 1989
1903 21
1931 4
1910 1986
1939 11
1944 1985
1926 1984
1900 18
1935 27
1930 20
1905 1987
1911 8
1938 13
1920 1987
1927 14
1928 1988
1942 15
1914 23
1946 1985
1930 15
1913 13
1945 12
1919 23
1947 1993
1936 19
1905 1989
1926 4
1541 897
1910 13
1908 30
1084 1620
1898 27
1942 24
1913 24
1916 26
1946 26
1944 2
1946 15
1922 1984
1919 17
1913 28
217 1818
1917 6
1935 1996
1931 1987
1904 1987
1933 9
1908 1991
1914 7
1909 1994
366 313
1902 10
1915 1984
1024 1007
1916 2
1911 13
1941 23
1947 1985
1932 2
1925 1999
1935 6
1634 1423
1942 7
1924 1991
1944 30
1929 20
1931 23
1946 33
1927 22
1921 19
1923 3
1944 1991
1902 1990
1907 1999
1934 3
1947 3
1913 1996
1912 1996
1934 20
1901 13
1906 1985
1915 1986
1944 1998
1899 20
1940 25
709 1956
1913 1
1898 14
1935 2
1926 17
1938 10
1915 1992
1902 1996
1915 1996
1203 1059
1931 18
1906 1989
1940 22
1920 1989
1900 1989
1899 10
1919 9
1946 1984
1921 4
1917 26
1935 4
1906 20
1926 1990
1947 31
1923 8
1910 20
1936 1998
1947 1984
1901 1991
1912 4
1930 14
1902 1991
1929 1992
1912 7
1907 15
1935 1993
1908 28
1934 1987
1945 13
1903 23
1913 10
1931 1993
1944 1
1939 7
1936 6
1898 1999
1937 19
1924 1987
1913 1987
1934 18
1898 1996
1921 1994
1939 3
1938 4
1946 1998
1908 21
1166 583
1914 28
1936 7
1945 11
1907 12
1937 1996
1921 33
1936 2
1934 1997
1947 7
1945 10
1943 4
1513 277
1946 1991
1916 4
1916 1989
1916 14
1898 17
1906 1988
1904 2
1938 18
1924 24
1920 23
1905 1988
1924 5
1918 14
1939 24
1943 24
1933 1999
1926 15
1907 1991
1905 8
1931 1992
1941 31
1919 19
1914 3
1925 1994
1933 3
1899 3
1947 25
1935 1990
1928 10
1924 23
1695 1718
1940 28
1899 1985
1930 19
1907 1
1945 1992
1939 25
1925 1992
1906 1995
1919 18
1910 1984
1919 1992
1919 1999
1898 6
1915 16
1907 18
1921 28
1921 31
1921 26
1919 28
1918 22
1906 1986
1515 964
1915 4
1929 14
1908 4
1930 2000
1908 1994
1927 32
1940 1990
1898 1991
1902 14
1934 4
1914 5
1944 1994
1941 33
1927 1993
1918 1987
1933 23
1919 4
1928 1990
1921 11
1940 7
1917 1993
1941 11
1917 2
1903 30
1946 11
1908 12
1903 1
1927 1985
1922 9
1927 31
1928 1989
1947 1991
345 1081
1899 23
1921 1989
1918 1993
1922 1994
1933 2
1914 11
1934 28
1443 66
1933 22
1945 24
1930 1993
1936 24
1298 712
1925 32
1921 3
1947 27
1907 6
1907 10
1940 32
1937 8
1929 8
1925 8
1901 22
1938 12
1939 9
1943 1
1911 31
1935 1999
1912 11
1916 6
1939 6
1902 24
1936 33
1179 1173
1926 30
22 984
1917 29
1936 1985
1935 1987
1930 1987
1926 10
1904 1998
1936 16
1902 5
1901 10
1920 3
1902 11
1925 17
1917 33
1941 1987
1925 6
436 442
1920 20
1920 18
1947 19
1940 9
1944 1997
1913 30
1919 1994
1908 32
1924 8
1931 17
1902 12
1906 29
1918 33
1918 1990
1922 1995
1909 15
1918 26
1935 19
1903 1996
1921 1985
1906 25
1925 1991
1906 24
1522 887
1947 10
1913 8
1947 32
1926 1
1910 19
1877 1790
1921 32
